100
5
1 2 3 4 5
3
3 5 6
2
5 6
2
5 5
15
677668 499251 193619 877923 989733 528155 970565 97542 100065 79682 588543 354063 620218 481051 651944
15
239898 866641 165227 545867 627393 251330 788487 109815 262164 105008 837247 22185 1861 884315 89943
9
699591 960812 340069 687412 306105 216107 227427 198255 839972
11
505592 430586 906764 181248 337462 268413 216539 658470 264085 883806 995699
3
341259 429768 244675
10
705074 619068 772014 270455 59424 114230 674464 41941 39377 487781
8
381870 723646 587284 340478 581135 872972 274944 459568
15
437819 350558 237398 452957 760823 259388 571231 692678 510462 205822 380410 455668 676796 806020 11460
10
184721 251746 586919 238529 841719 359082 359756 923425 713727 161114
15
70418 342496 283647 901985 163971 844680 606165 950448 491193 62356 996775 661279 808319 814037 456509
6
3435 9980 151 9724 7079 5467
7
2038 4035 6174 7620 140 7764 4919
3
9982 4230 13944
8
2813 7775 1966 5588 1526 9390 6760 15848
12
1068 7104 4988 2426 490 3456 4571 5080 4940 2000 8745 15670
14
6045 2876 8967 9189 8808 113 7806 8454 4552 401 4663 3460 1667 2671
9
1489 4455 5867 3764 1354 1864 3873 5200 5530
8
8786 1410 5362 7281 3359 5673 2226 15575
12
6599 6204 900 3658 6123 1777 2663 6805 4228 766 7332 771
15
6801 5588 3272 7577 5004 7985 2165 119 2310 8126 885 8644 6550 6504 9618
5
9540 7916 9105 321 6520
6
3097 2685 9583 3187 3718 8702
15
8163 6533 228 9088 9261 6108 1398 7576 3676 3379 5334 8125 9821 8188 2860
4
7257 3598 7130 2445
15
7288 8581 4508 3354 2623 1677 6714 4304 4518 6924 843 7291 4894 7495 1659
13
9863 1019 8773 8706 8300 2146 7373 3533 7543 8713 3899 239 11423
13
2177 2810 7558 490 8843 9836 3691 1406 9484 8255 5685 6657 6370
12
1673 3269 2279 4382 4040 1927 5808 4795 4321 4762 8492 15526
7
1388 3587 5696 1749 1726 5780 3024
13
5471 9896 2260 9962 1377 720 4173 1198 7326 6698 6464 4145 1729
14
5099 1925 4988 2538 3684 9598 8830 2654 435 223 731 8653 5999 14551
6
5910 4549 5366 5101 885 9031
4
795 2106 297 2568
3
3270 9203 3584
3
8049 8659 16034
3
2806 228 2578
12
1368 5686 9209 4051 3453 325 2133 6618 715 1573 7659 15350
15
8900 806 954 3390 6386 3510 9072 8760 9853 9840 9619 8648 8532 5818 2258
4
6691 4640 4243 6288
3
3271 7134 5913
7
4668 4901 2815 9357 1025 9438 4020
10
7825 9988 6198 6982 732 994 8896 1401 580 7718
4
1702 8013 7619 5253
4
3872 2131 8623 9948
7
9775 6539 7408 7019 1944 7395 9028
12
4243 9291 1125 4670 6087 9170 1421 544 179 5624 4994 6130
3
7123 490 6713
7
5282 567 9272 4882 7344 6697 10022
9
4301 8794 2779 481 5688 8164 2034 1479 12868
6
8268 6576 8273 3458 5709 610
13
831 6079 944 1924 3094 9437 7453 9202 6756 7543 5459 7260 7475
2
2142 6467
10
143 4750 4671 8894 8998 5015 7622 4684 2175 5572
3
8472 1513 4814
14
522 767 4760 5347 2793 6865 7136 3203 3697 6324 6600 5509 5541 3832
14
8367 6201 5231 8877 4780 6420 2898 9028 2182 4370 8051 4277 4698 10738
4
919 926 9116 5072
9
3039 908 1488 9855 7630 3744 9397 9657 14750
13
3542 5431 2399 7321 1332 7948 4342 9394 2432 6791 8923 4431 968
10
4726 9897 4041 4464 3954 8043 7648 9917 3335 3109
13
1405 6001 2998 2887 8387 5272 5530 4512 9890 9786 4179 2282 15037
2
1909 8156
8
5947 4076 6941 8171 6620 8357 3119 2524
7
4548 7512 6644 2007 5380 8933 1737
8
6440 907 7191 4415 4315 4707 9521 12290
14
3338 2084 2644 6915 6626 3155 8579 5180 1084 7045 8443 6917 2973 7085
7
7233 302 549 8940 6687 8097 14360
5
8974 385 4008 7058 14005
2
2355 4212
6
4988 5931 2982 4816 2720 6375
7
7395 3918 9409 9783 1189 501 2124
5
7385 6002 8196 6023 3801
6
9280 7405 5747 8882 2868 1880
12
118 2491 4779 2863 4150 3749 200 759 8653 8823 8669 1151
15
5118 4395 259 7727 5532 2639 779 8591 5242 9936 7738 8688 5445 7898 9809
8
5928 9903 1470 6465 8021 6996 6957 12884
10
8662 9199 1606 6026 7487 777 1350 4277 5771 5371
6
5235 6369 741 1352 166 2969
14
7338 468 534 5319 4614 4588 6208 4744 5763 7538 24 3873 883 1334
9
3336 106 449 1133 4810 2731 1521 6218 3348
10
385 9145 4007 467 7913 1909 6394 9982 3663 1435
11
7145 7701 2230 6876 6653 2891 6388 4811 9963 1394 11398
12
5162 8860 6536 339 3124 4047 2872 3060 202 8019 5624 1322
4
9526 7745 9240 8047
11
6264 7916 6303 6068 1629 6676 2229 1381 6393 7608 7527
14
6447 4363 1089 6184 2401 1563 8474 3941 1127 752 7501 3889 1671 10020
6
6725 8598 9884 6071 3147 3716
15
4334 7708 5357 1205 3104 7531 4703 6435 1119 4175 7492 5719 6864 1067 1381
3
4434 4982 548
15
309 6709 6789 9428 4225 1862 6777 7962 3708 3867 95 632 7410 9810 3605
2
7636 8314
4
3687 1138 5130 7574
14
1485 3159 1086 9864 7964 3337 3604 6275 2490 2181 827 6547 5568 1064
4
8930 5666 3272 14344
4
1586 5608 7103 2149
11
1693 4550 1847 8482 7185 5196 7284 7331 6973 2075 10978
